5.034899999999999931e-01,4.233444999999999681e+01,5.262277618975488606e+21
4.951999999999999735e-01,4.228019999999999357e+01,4.794667242261395276e+21
6.782000000000000250e-01,4.343769999999999953e+01,1.426677263445761248e+22
8.671999999999999709e-01,4.374684999999999491e+01,1.398938490107745167e+22
7.992000000000000215e-01,4.376049999999999329e+01,1.410996233003192235e+22
3.712900000000000089e-01,4.168784999999999741e+01,3.879262210622330765e+21
3.556799999999999962e-01,4.145914999999999395e+01,3.518726711037366108e+21
2.839099999999999957e-01,4.080915000000000248e+01,2.106048033180106359e+21
4.669099999999999917e-01,4.261634999999999707e+01,7.508079907682596684e+21
9.479100000000000303e-01,4.381154999999999688e+01,1.347055021600045584e+22
6.939100000000000268e-01,4.319644999999999868e+01,1.525547703783314476e+22
8.979099999999999859e-01,4.380275000000000318e+01,1.369833756612102193e+22
7.899100000000000010e-01,4.361880000000000024e+01,8.689529240875868094e+21
5.909100000000000463e-01,4.273539999999999850e+01,8.343854547104671203e+21
2.101999999999999980e-01,4.004495000000000005e+01,1.520883532949209219e+21
8.591999999999999638e-01,4.352369999999999806e+01,1.070956683338279236e+22
5.592000000000000304e-01,4.256479999999999819e+01,6.208237764965587485e+21
9.971999999999999753e-01,4.409964999999999691e+01,1.322815468809986087e+22
5.834000000000000297e-01,4.274384999999999479e+01,6.309567648760294539e+21
7.972000000000000197e-01,4.325444999999999851e+01,1.006956794397792508e+22
9.142000000000000126e-01,4.377894999999999470e+01,1.124776202548185294e+22
9.492099999999999982e-01,4.406674999999999898e+01,1.410410044222399840e+22
7.341999999999999638e-01,4.324809999999999377e+01,9.908540515094215262e+21
7.661999999999999922e-01,4.350804999999999723e+01,1.121297083071821198e+22
9.841999999999999638e-01,4.422799999999999443e+01,1.540505082481960446e+22
7.012000000000000455e-01,4.314919999999999334e+01,1.058650727413657161e+22
8.371600000000000152e-01,4.355449999999999733e+01,1.331193902624507586e+22
3.701599999999999890e-01,4.154009999999999536e+01,3.482489197261854605e+21
3.581599999999999784e-01,4.135965000000000202e+01,3.166722261798025167e+21
5.221599999999999575e-01,4.255915000000000248e+01,6.544356314669012484e+21
7.011600000000000055e-01,4.311149999999999949e+01,1.574120270188521927e+22
7.452600000000000335e-01,4.320559999999999690e+01,1.033940555540562182e+22
5.911600000000000188e-01,4.264289999999999736e+01,6.029889695802164511e+21
6.203899999999999970e-01,4.291140000000000043e+01,6.158681355153652580e+21
1.002399999999999958e+00,4.447979999999999734e+01,2.175761751329571498e+22
6.104000000000000536e-01,4.287614999999999554e+01,7.129874780808728805e+21
3.581900000000000084e-01,4.136939999999999884e+01,3.033903510980214129e+21
4.513800000000000034e-01,4.181589999999999918e+01,4.123968486016315556e+21
5.523900000000000476e-01,4.238514999999999588e+01,5.787652917046042165e+21
7.503900000000000015e-01,4.316299999999999670e+01,1.165670524993945154e+22
8.223799999999999999e-01,4.373559999999999803e+01,1.176247746022013823e+22
9.503899999999999570e-01,4.408514999999999873e+01,1.348844781684559498e+22
3.403900000000000259e-01,4.134629999999999939e+01,2.786032799198294835e+21
8.104000000000000092e-01,4.347950000000000159e+01,1.212172973677794139e+22
6.119099999999999540e-01,4.313920000000000243e+01,9.675188788217335775e+21
5.489100000000000090e-01,4.229260000000000019e+01,5.868448035201620115e+21
1.029910000000000103e+00,4.412890000000000157e+01,1.522834866089232223e+22
4.229100000000000081e-01,4.175674999999999670e+01,3.764079287641976603e+21
7.019100000000000339e-01,4.330875000000000341e+01,1.192640522451208792e+22
6.859100000000000197e-01,4.324399999999999977e+01,1.467678673038585574e+22
9.329100000000000170e-01,4.394794999999999874e+01,1.326400555616741989e+22
7.499099999999999655e-01,4.321054999999999779e+01,1.129020324203418196e+22
4.689099999999999935e-01,4.213254999999999484e+01,4.541041661885528146e+21
9.599100000000000410e-01,4.420664999999999623e+01,1.702878873157049831e+22
8.411999999999999478e-01,4.362254999999999683e+01,1.104294897777852704e+22
5.632000000000000339e-01,4.264279999999999404e+01,5.717224869829874287e+21
8.292000000000000481e-01,4.379784999999999684e+01,1.236555102019362646e+22
5.792100000000000026e-01,4.262494999999999834e+01,5.763011858463535923e+21
8.651999999999999691e-01,4.376930000000000121e+01,1.175576453497325670e+22
8.591999999999999638e-01,4.384420000000000073e+01,1.387139009233124380e+22
5.862100000000000088e-01,4.296940000000000026e+01,7.876586523275289428e+21
4.892000000000000237e-01,4.226529999999999632e+01,4.565034136705213923e+21
6.892099999999999893e-01,4.301319999999999766e+01,8.734453651287100621e+21
3.241600000000000037e-01,4.119364999999999810e+01,2.516594585871551300e+21
1.851599999999999913e-01,3.985580000000000211e+01,1.399947975172350280e+21
6.811599999999999877e-01,4.299754999999999683e+01,8.440715399748178149e+21
9.211599999999999788e-01,4.375499999999999545e+01,1.374842966735352077e+22
4.281599999999999850e-01,4.215099999999999625e+01,4.958738836163028582e+21
6.991600000000000037e-01,4.335254999999999370e+01,1.453562863796917948e+22
5.751600000000000046e-01,4.278494999999999493e+01,7.154210898949922882e+21
5.111599999999999477e-01,4.251304999999999978e+01,5.249788833499182006e+21
6.411599999999999522e-01,4.302154999999999774e+01,9.417192583082396353e+21
3.511600000000000277e-01,4.162720000000000198e+01,3.413657619172373299e+21
3.491600000000000259e-01,4.154444999999999766e+01,3.203936800978449727e+21
3.548600000000000088e-01,4.163665000000000305e+01,3.422025396088787698e+21
8.711600000000000454e-01,4.374020000000000152e+01,1.067035428977868433e+22
9.251599999999999824e-01,4.416870000000000118e+01,1.075061987642036558e+22
4.193999999999999950e-01,4.199094999999999800e+01,4.321659502133923807e+21
8.903799999999999493e-01,4.358039999999999736e+01,1.046830815655768359e+22
4.803799999999999737e-01,4.217520000000000380e+01,4.485911084340806156e+21
5.803800000000000070e-01,4.276784999999999570e+01,8.198174113366725886e+21
8.053799999999999848e-01,4.349575000000000102e+01,1.115381957138875993e+22
6.643799999999999706e-01,4.303369999999999607e+01,9.368312240495032009e+21
7.453800000000000425e-01,4.340734999999999388e+01,1.032638145346487819e+22
7.364000000000000545e-01,4.317844999999999800e+01,8.574774351925252981e+21
3.703899999999999970e-01,4.144575000000000387e+01,3.118676114051400466e+21
8.503899999999999793e-01,4.371864999999999668e+01,1.029920245472930510e+22
2.193799999999999917e-01,4.024689999999999657e+01,1.640657307412487471e+21
6.473900000000000210e-01,4.302590000000000003e+01,9.211456445304557011e+21
6.003800000000000248e-01,4.280219999999999914e+01,7.949292933501119627e+21
7.603900000000000103e-01,4.332524999999999693e+01,9.965634592555644486e+21
4.703899999999999748e-01,4.220399999999999352e+01,4.732737126204570599e+21
4.979100000000000192e-01,4.232750000000000057e+01,5.517169093468204564e+21
5.079099999999999726e-01,4.237049999999999983e+01,5.296411998320542614e+21
5.879100000000000437e-01,4.284375000000000000e+01,7.349115905079956734e+21
6.999199999999999866e-01,4.317905000000000371e+01,9.743227402511773073e+21
7.619099999999999762e-01,4.345414999999999850e+01,1.115479186589158579e+22
7.889100000000000001e-01,4.350690000000000168e+01,9.913730383460782047e+21
4.059099999999999930e-01,4.196399999999999864e+01,3.869082372625408197e+21
8.089199999999999724e-01,4.395734999999999815e+01,1.436393158844724386e+22
5.839199999999999946e-01,4.300809999999999889e+01,7.288036966778048348e+21
7.209100000000000508e-01,4.342260000000000275e+01,1.335387248736232433e+22
8.379100000000000437e-01,4.370539999999999736e+01,1.105668504014700937e+22
8.069100000000000161e-01,4.365439999999999543e+01,1.404392645561863583e+22
5.001600000000000490e-01,4.245049999999999812e+01,5.968775055042223800e+21
5.331599999999999673e-01,4.233449999999999847e+01,6.869555625466698662e+21
8.211600000000000010e-01,4.356759999999999877e+01,1.361996043661352318e+22
1.251599999999999935e-01,3.886839999999999407e+01,8.696610036722262344e+20
4.431599999999999984e-01,4.197414999999999452e+01,4.763795159156213678e+21
6.833900000000000530e-01,4.334409999999999741e+01,1.947101490897723222e+22
7.263899999999999801e-01,4.330004999999999882e+01,1.065005869999156573e+22
4.043900000000000272e-01,4.184624999999999773e+01,3.596266707343603401e+21
6.903799999999999937e-01,4.315269999999999584e+01,1.123527071307099275e+22
5.763899999999999579e-01,4.264369999999999550e+01,5.909168054403276472e+21
7.203899999999999748e-01,4.327644999999999698e+01,1.310503988581809468e+22
5.509100000000000108e-01,4.256815000000000282e+01,5.801575834980282532e+21
8.488999999999999879e-01,4.371049999999999613e+01,1.330220200758973825e+22
4.359100000000000197e-01,4.176675000000000182e+01,3.508417079659619418e+21
3.019100000000000117e-01,4.104245000000000232e+01,2.139455046005396865e+21
5.811899999999999844e-01,4.292354999999999876e+01,7.553939685166366589e+21
3.462100000000000177e-01,4.151524999999999466e+01,3.161749727750284902e+21
3.311999999999999944e-01,4.118290000000000362e+01,2.620619087076604772e+21
4.493900000000000117e-01,4.218894999999999840e+01,5.499842779399760904e+21
2.916000000000000258e-01,4.087214999999999776e+01,2.676418747187027509e+21
4.610899999999999999e-01,4.202944999999999709e+01,4.971217095670107210e+21
6.329099999999999726e-01,4.306064999999999543e+01,1.196224770241696104e+22
2.689099999999999824e-01,4.057620000000000005e+01,1.850157496450181759e+21
9.259100000000000108e-01,4.414159999999999684e+01,1.849147269846130491e+22
6.259099999999999664e-01,4.286014999999999731e+01,6.985186272905892200e+21
6.089099999999999513e-01,4.277669999999999817e+01,6.466518686258608210e+21
5.789100000000000357e-01,4.263729999999999620e+01,6.676525907095518708e+21
7.201999999999999513e-01,4.322525000000000261e+01,1.294934855454340992e+22
7.671999999999999931e-01,4.364705000000000013e+01,1.213493767345367994e+22
3.682000000000000273e-01,4.164454999999999529e+01,3.090299946497075053e+21
8.491999999999999549e-01,4.373174999999999812e+01,1.185379947019184059e+22
7.772099999999999564e-01,4.349419999999999931e+01,1.260046247152507997e+22
5.842100000000000071e-01,4.266859999999999786e+01,4.853690210145206796e+21
5.891999999999999460e-01,4.270085000000000264e+01,6.371137897347734831e+21
7.691999999999999948e-01,4.360779999999999745e+01,1.285749177783058589e+22
5.141999999999999904e-01,4.252745000000000175e+01,6.096398167617961984e+21
6.382100000000000550e-01,4.276999999999999602e+01,1.181882245139285829e+22
4.352099999999999858e-01,4.196229999999999905e+01,3.996688538705209590e+21
5.842100000000000071e-01,4.286355000000000359e+01,7.466546543851379622e+21
6.625900000000000123e-01,4.314874999999999972e+01,1.110962283925948124e+22
6.211600000000000454e-01,4.281080000000000041e+01,8.342802491161709642e+21
4.161599999999999744e-01,4.191539999999999822e+01,4.024193965255491060e+21
4.511700000000000155e-01,4.176264999999999361e+01,4.468854339652959076e+21
7.331600000000000339e-01,4.344854999999999734e+01,1.693306682161088168e+22
7.411600000000000410e-01,4.366275000000000261e+01,1.673872812250709885e+22
3.491600000000000259e-01,4.114000000000000057e+01,2.909394191915469505e+21
5.141599999999999504e-01,4.258844999999999459e+01,6.366543785290246390e+21
6.433900000000000174e-01,4.300754999999999484e+01,1.107666003544591093e+22
4.703999999999999848e-01,4.205204999999999416e+01,4.762694958331616821e+21
2.633800000000000030e-01,4.055514999999999759e+01,2.014658175785101165e+21
7.423999999999999488e-01,4.332254999999999967e+01,1.315100920023045741e+22
9.103900000000000325e-01,4.401160000000000139e+01,1.484997335687453947e+22
3.373999999999999777e-01,4.131369999999999720e+01,2.795632829621880750e+21
9.833899999999999864e-01,4.432304999999999495e+01,1.511529738270608143e+22
8.133799999999999919e-01,4.366674999999999329e+01,1.093401531969185199e+22
8.174000000000000155e-01,4.374309999999999832e+01,9.700402247506480595e+21
9.603800000000000114e-01,4.397359999999999758e+01,1.385622454309264294e+22
7.563900000000000068e-01,4.343965000000000032e+01,1.097352296856052092e+22
8.789099999999999691e-01,4.382164999999999822e+01,1.179661623395269319e+22
8.099100000000000188e-01,4.360795000000000243e+01,1.246952473272906259e+22
6.279099999999999682e-01,4.281340000000000146e+01,7.121572244801414234e+21
9.349100000000000188e-01,4.416530000000000200e+01,1.956404617445076527e+22
6.979100000000000303e-01,4.318264999999999532e+01,1.007235293047737968e+22
7.679099999999999815e-01,4.378489999999999327e+01,1.456013358989917028e+22
8.649099999999999566e-01,4.379625000000000057e+01,1.260491935069592827e+22
5.149099999999999788e-01,4.238745000000000118e+01,5.012761100768259342e+21
4.709099999999999953e-01,4.250050000000000239e+01,6.263722568781077152e+21
9.289100000000000135e-01,4.417889999999999873e+01,1.796545880837900678e+22
6.311999999999999833e-01,4.280919999999999703e+01,7.458894978077194977e+21
6.161999999999999700e-01,4.296625000000000227e+01,7.972367615787297407e+21
5.652000000000000357e-01,4.268909999999999627e+01,6.662490345087746179e+21
5.581899999999999640e-01,4.264939999999999998e+01,6.562135033814461710e+21
7.361999999999999655e-01,4.346925000000000239e+01,1.356425373474762837e+22
2.621999999999999886e-01,4.055834999999999724e+01,1.984688861573209915e+21
7.621999999999999886e-01,4.337574999999999648e+01,1.049998315044313707e+22
8.591999999999999638e-01,4.394424999999999670e+01,1.551644852670670517e+22
5.592000000000000304e-01,4.300610000000000355e+01,8.649521516040148746e+21
4.801599999999999757e-01,4.214834999999999354e+01,4.282552895150919516e+21
9.211599999999999788e-01,4.397175000000000011e+01,1.681166256170945479e+22
4.751600000000000268e-01,4.209519999999999840e+01,4.046566698860408734e+21
8.921599999999999531e-01,4.397809999999999775e+01,1.403635949312851050e+22
6.311600000000000543e-01,4.256170000000000186e+01,8.184269225293766459e+21
7.351600000000000357e-01,4.342844999999999800e+01,1.472876460567937050e+22
4.181599999999999762e-01,4.178624999999999545e+01,3.750554116102456082e+21
5.351599999999999691e-01,4.238354999999999961e+01,5.366901740386207662e+21
7.341600000000000348e-01,4.349174999999999613e+01,1.269485510477861408e+22
6.091600000000000348e-01,4.294469999999999743e+01,8.128015158407186088e+21
7.011600000000000055e-01,4.323869999999999436e+01,1.058398514941669461e+22
9.821600000000000330e-01,4.418094999999999573e+01,1.396764988050737883e+22
7.581599999999999451e-01,4.345570000000000022e+01,1.061116011250912225e+22
6.433900000000000174e-01,4.300450000000000017e+01,1.145233189596676542e+22
5.153900000000000148e-01,4.242364999999999498e+01,7.618912089082929611e+21
8.053799999999999848e-01,4.341389999999999816e+01,8.861118100700357722e+21
8.003900000000000459e-01,4.322254999999999825e+01,1.020781465315493859e+22
7.153800000000000159e-01,4.324394999999999811e+01,1.240661274551723124e+22
7.663900000000000157e-01,4.363069999999999737e+01,1.379638374367136370e+22
9.013900000000000245e-01,4.391279999999999717e+01,1.328201532851308252e+22
7.183899999999999730e-01,4.308915000000000362e+01,9.097705123948991087e+21
5.793800000000000061e-01,4.257789999999999964e+01,5.512766799634758631e+21
9.603800000000000114e-01,4.420924999999999727e+01,1.407828774333372695e+22
6.483900000000000219e-01,4.293665000000000020e+01,8.763188147412680049e+21
9.363899999999999446e-01,4.387169999999999703e+01,1.188491638910622263e+22
4.613800000000000123e-01,4.216264999999999930e+01,4.256697681397390246e+21
6.703900000000000414e-01,4.318495000000000061e+01,1.111471988653327542e+22
2.463899999999999979e-01,4.056054999999999922e+01,1.977947782567590363e+21
6.389200000000000434e-01,4.289005000000000223e+01,9.956110123096646615e+21
5.359099999999999975e-01,4.246944999999999482e+01,4.892573239621665686e+21
7.739099999999999868e-01,4.357604999999999507e+01,1.306429211608938552e+22
3.709100000000000175e-01,4.155254999999999654e+01,3.032536953368201396e+21
6.999199999999999866e-01,4.328894999999999982e+01,1.136472924152876184e+22
3.739100000000000201e-01,4.151184999999999548e+01,2.980664363301691458e+21
8.539099999999999469e-01,4.370519999999999783e+01,1.182623687765571246e+22
6.039200000000000124e-01,4.298805000000000121e+01,8.072219463070114644e+21
5.349099999999999966e-01,4.232229999999999848e+01,5.369961405964502434e+21
4.009099999999999886e-01,4.166009999999999991e+01,3.542902513333436416e+21
3.719100000000000183e-01,4.160134999999999650e+01,3.182933409198288404e+21
8.409100000000000463e-01,4.342530000000000001e+01,1.064146304835458905e+22
5.321599999999999664e-01,4.245900000000000318e+01,4.959422062439636664e+21
9.311599999999999877e-01,4.410399999999999920e+01,1.982474480167455136e+22
5.531599999999999850e-01,4.268379999999999797e+01,6.058051872018538693e+21
8.411600000000000188e-01,4.372610000000000241e+01,1.462073996704014244e+22
7.273899999999999810e-01,4.326869999999999550e+01,1.280832577392091542e+22
4.423799999999999955e-01,4.207285000000000252e+01,4.213859721908314440e+21
2.823999999999999844e-01,4.097459999999999525e+01,2.391916803914381918e+21
5.193999999999999728e-01,4.243864999999999554e+01,4.793742542065439343e+21
1.060389999999999944e+00,4.408729999999999905e+01,1.531289143137583445e+22
2.683800000000000074e-01,4.064724999999999966e+01,2.015133047463047856e+21
2.504000000000000115e-01,4.057630000000000337e+01,2.068189104759615521e+21
6.989199999999999857e-01,4.319239999999999924e+01,1.332753726403549908e+22
7.309099999999999486e-01,4.316839999999999833e+01,1.161781698924326892e+22
9.989099999999999646e-01,4.401219999999999999e+01,8.491078354952860467e+21
4.099099999999999966e-01,4.185099999999999909e+01,3.659966333423430140e+21
1.269399999999999973e-01,3.894289999999999452e+01,1.054408455400114356e+21
2.560899999999999843e-01,4.073439999999999372e+01,3.621279233800470004e+21
8.848000000000000309e-02,3.804344999999999999e+01,6.131001086309099110e+20
1.179700000000000054e-01,3.859344999999999715e+01,7.330137107225709117e+20
1.832199999999999940e-01,3.969509999999999650e+01,1.599420811696602612e+21
1.406999999999999917e-01,3.927100000000000080e+01,1.190783908698718470e+21
1.518599999999999950e-01,3.919329999999999359e+01,1.006476760494830387e+21
9.400999999999999635e-02,3.828900000000000148e+01,6.590704582210979103e+20
2.866199999999999859e-01,4.108270000000000266e+01,3.523834001628953313e+21
2.634900000000000020e-01,4.075759999999999650e+01,2.886799432782276723e+21
1.431000000000000050e-01,3.919674999999999443e+01,1.031000104008469578e+21
1.603499999999999925e-01,3.933289999999999509e+01,1.200185468394286088e+21
1.230300000000000005e-01,3.879479999999999507e+01,9.592255386083904717e+20
1.260799999999999976e-01,3.876854999999999762e+01,9.180992435132328837e+20
1.731499999999999984e-01,3.955344999999999800e+01,1.152776837501718495e+21
1.643100000000000116e-01,3.943174999999999386e+01,1.177922029538711175e+21
1.598999999999999866e-01,3.932285000000000252e+01,1.153435650624151093e+21
2.444800000000000029e-01,4.026814999999999856e+01,2.111943715831896605e+21
2.483499999999999874e-01,4.038174999999999670e+01,2.291513165084221506e+21
2.754400000000000182e-01,4.077074999999999960e+01,3.171468513452453003e+21
3.305100000000000260e-01,4.133209999999999695e+01,4.224222632324681957e+21
3.310299999999999909e-01,4.122884999999999422e+01,3.709129193553373692e+21
1.605900000000000105e-01,3.938615000000000066e+01,1.187613989599732564e+21
2.188700000000000090e-01,4.027004999999999768e+01,2.178588346215263371e+21
1.199100000000000027e-01,3.876834999999999809e+01,8.230795421866640015e+20
1.783899999999999930e-01,4.012834999999999752e+01,1.945451059515534606e+21
2.792299999999999782e-01,4.090115000000000123e+01,2.876085278284943720e+21
1.858100000000000029e-01,3.988365000000000293e+01,1.742111492924695642e+21
6.640999999999999681e-02,3.738809999999999434e+01,4.907309824188010332e+20
2.580000000000000071e-01,4.067749999999999488e+01,2.798471114914791948e+21
2.797999999999999932e-01,4.067730000000000246e+01,2.756316930375864549e+21
2.657599999999999962e-01,4.046089999999999520e+01,2.268686879614134125e+21
1.849999999999999978e-01,3.977524999999999977e+01,1.339607950689570128e+21
5.714999999999999941e-02,3.705695000000000050e+01,3.959026582260929659e+20
3.264000000000000234e-01,4.107330000000000325e+01,3.446288136008105984e+21
1.088599999999999984e-01,3.857209999999999894e+01,7.645431389478795346e+20
2.032299999999999940e-01,4.010009999999999764e+01,2.075687781040881926e+21
3.798599999999999755e-01,4.153744999999999976e+01,4.027979063105875870e+21
2.116000000000000103e-01,4.008915000000000362e+01,1.818053766236881027e+21
2.135299999999999976e-01,4.018294999999999817e+01,2.098441657775410905e+21
1.440899999999999959e-01,3.923574999999999591e+01,1.135572634911016223e+21
2.524899999999999922e-01,4.056779999999999831e+01,3.010328584717854573e+21
2.567200000000000037e-01,4.067579999999999529e+01,3.386979492729642811e+21
2.188499999999999890e-01,4.037599999999999767e+01,2.849800505889612890e+21
7.882999999999999730e-02,3.793970000000000198e+01,6.694837978483940393e+20
8.282000000000000473e-02,3.814379999999999882e+01,7.039867350984715141e+20
1.702799999999999869e-01,3.964889999999999759e+01,1.288492398213240979e+21
2.366999999999999937e-01,4.027655000000000030e+01,2.323561098555461468e+21
3.056900000000000173e-01,4.078029999999999688e+01,4.002667810427804058e+21
8.254000000000000226e-02,3.791790000000000305e+01,5.740932195753594716e+20
1.889099999999999946e-01,3.960389999999999588e+01,1.409919740882782519e+21
8.140999999999999626e-02,3.791100000000000136e+01,5.730306746012652012e+20
2.565500000000000003e-01,4.065639999999999787e+01,3.140196869138893767e+21
1.262199999999999989e-01,3.898524999999999352e+01,1.210250946812479275e+21
1.026399999999999951e-01,3.856175000000000352e+01,1.061571990676172177e+21
1.245499999999999940e-01,3.887839999999999918e+01,8.566007742727642153e+20
3.704600000000000115e-01,4.186064999999999969e+01,5.553977926126267269e+21
2.021499999999999964e-01,3.978594999999999970e+01,1.482081770134153200e+21
1.799000000000000044e-01,4.008244999999999436e+01,2.092999382345981624e+21
1.617999999999999994e-01,3.953589999999999804e+01,1.477304561455372173e+21
2.266900000000000026e-01,4.027709999999999724e+01,2.279600570301815456e+21
2.968299999999999828e-01,4.084489999999999554e+01,3.052577759691306172e+21
2.502900000000000125e-01,4.060114999999999696e+01,2.510375450084717887e+21
1.488200000000000078e-01,3.931815000000000282e+01,1.116740419863273013e+21
1.472900000000000043e-01,3.917600000000000193e+01,1.007068779588310794e+21
2.151299999999999879e-01,4.060184999999999889e+01,2.817360088052466713e+21
1.447799999999999920e-01,3.921059999999999945e+01,1.386416154675541705e+21
1.324299999999999922e-01,3.932930000000000348e+01,1.394464317239842046e+21
2.197500000000000009e-01,4.040054999999999552e+01,2.301535750527986434e+21
3.849199999999999844e-01,4.180575000000000330e+01,4.784193087407444197e+21
1.739999999999999880e-01,3.974609999999999843e+01,1.411085505677736018e+21
1.778899999999999926e-01,3.960344999999999516e+01,1.448926537016979227e+21
2.993600000000000150e-01,4.091974999999999341e+01,2.853376919604865008e+21
1.184499999999999997e-01,3.884874999999999545e+01,1.132699502036442939e+21
1.765299999999999925e-01,3.963969999999999771e+01,1.305523916008064025e+21
2.455199999999999882e-01,4.077519999999999811e+01,3.800085860421063410e+21
1.961100000000000065e-01,3.994825000000000159e+01,1.661875854554086769e+21
2.485199999999999909e-01,4.049654999999999916e+01,2.373519176501467021e+21
3.063199999999999812e-01,4.117704999999999416e+01,3.963434551431471825e+21
2.463700000000000057e-01,4.055689999999999884e+01,2.389295894006948954e+21
1.351400000000000101e-01,3.936709999999999354e+01,1.211614990450257560e+21
2.105400000000000049e-01,4.004019999999999868e+01,1.932480268383468126e+21
2.363000000000000100e-01,4.055469999999999686e+01,2.237916902018198012e+21
1.785100000000000020e-01,3.977535000000000309e+01,1.468032860475202208e+21
2.206799999999999873e-01,4.021795000000000186e+01,2.437482604850066751e+21
3.149399999999999977e-01,4.122010000000000218e+01,3.999889160614986646e+21
1.844300000000000106e-01,3.995174999999999699e+01,1.554653232672274907e+21
2.612900000000000222e-01,4.060360000000000014e+01,2.599295511869248766e+21
1.812300000000000022e-01,3.961144999999999783e+01,1.254845153214982259e+21
3.804799999999999849e-01,4.143254999999999910e+01,4.182126099797870903e+21
1.848100000000000021e-01,3.978764999999999930e+01,1.411693982299396243e+21
2.084699999999999886e-01,4.005464999999999520e+01,1.747745742694263554e+21
1.770599999999999952e-01,3.973624999999999829e+01,1.636280833227263574e+21
3.158199999999999896e-01,4.111679999999999779e+01,3.643032610193503420e+21
2.497300000000000075e-01,4.056759999999999877e+01,2.334668032107233673e+21
2.036799999999999999e-01,4.005089999999999861e+01,1.752173684057118343e+21
1.233599999999999974e-01,3.881980000000000075e+01,8.461834541209418465e+20
2.031799999999999995e-01,4.004384999999999906e+01,1.741889732064222118e+21
1.533899999999999986e-01,3.952259999999999707e+01,1.186157914506756620e+21
3.343900000000000206e-01,4.133489999999999753e+01,4.213609974124829999e+21
1.958000000000000018e-01,3.992860000000000298e+01,1.584199637301499789e+21
2.497300000000000075e-01,4.047690000000000055e+01,2.586165872317320135e+21
1.550900000000000056e-01,3.942510000000000048e+01,1.150028156691370344e+21
1.559599999999999875e-01,3.938785000000000025e+01,1.362966453297012802e+21
1.583700000000000108e-01,3.921684999999999377e+01,1.228308398368402964e+21
3.093799999999999883e-01,4.121139999999999759e+01,4.852528288489463087e+21
2.485700000000000132e-01,4.052609999999999957e+01,2.497152411077752390e+21
1.850700000000000123e-01,3.971574999999999989e+01,1.560142521405020832e+21
1.837600000000000067e-01,3.990739999999999554e+01,1.700719979752763425e+21
1.807900000000000063e-01,3.977965000000000373e+01,1.793271037715900269e+21
1.769600000000000062e-01,3.968545000000000300e+01,1.588844128997698699e+21
1.776800000000000046e-01,3.947180000000000177e+01,1.346566549523753599e+21
7.180000000000000271e-02,3.741209999999999525e+01,5.444014021422339195e+20
1.381100000000000105e-01,3.906284999999999741e+01,9.674346773197005783e+20
1.696000000000000008e-01,3.986514999999999986e+01,1.766259191680248578e+21
2.455499999999999905e-01,4.011979999999999791e+01,2.209122867380519174e+21
1.438699999999999979e-01,3.921665000000000134e+01,1.048462652693450719e+21
2.519100000000000228e-01,4.063379999999999370e+01,2.796026076027427488e+21
3.742999999999999799e-02,3.617079999999999984e+01,2.836216841499572306e+20
2.774900000000000144e-01,4.128069999999999595e+01,5.309929586262269755e+21
2.874599999999999933e-01,4.066679999999999495e+01,2.924061949508602823e+21
1.986700000000000133e-01,4.001014999999999588e+01,1.987670746702852653e+21
1.599899999999999933e-01,3.947605000000000075e+01,1.446960582896660775e+21
2.107499999999999929e-01,4.041360000000000241e+01,2.624687222288857694e+21
2.377499999999999891e-01,4.041469999999999629e+01,2.247576469200262922e+21
1.551700000000000024e-01,3.954264999999999475e+01,1.346771963981795688e+21
9.390999999999999348e-02,3.834954999999999359e+01,1.004064750395434598e+21
1.527100000000000124e-01,3.948555000000000348e+01,1.272062852237792379e+21
2.572200000000000042e-01,4.067409999999999570e+01,2.795242957695967298e+21
2.122600000000000042e-01,4.020064999999999600e+01,2.039405272043650286e+21
2.454000000000000070e-01,4.028444999999999965e+01,2.127716383641805259e+21
1.369599999999999984e-01,3.916485000000000127e+01,1.066300611438950089e+21
3.256899999999999795e-01,4.130509999999999593e+01,4.670593017526018900e+21
1.063800000000000023e-01,3.849034999999999940e+01,7.313283569132792709e+20
4.012700000000000156e-01,4.170584999999999809e+01,5.003548241065105424e+21
1.893100000000000060e-01,3.988639999999999475e+01,1.749261916853619393e+21
1.972599999999999909e-01,3.983520000000000039e+01,1.488817194493248799e+21
1.283700000000000119e-01,3.896159999999999712e+01,1.162997572698323288e+21
1.226200000000000068e-01,3.884024999999999750e+01,8.637703118484757545e+20
1.271500000000000130e-01,3.899325000000000330e+01,9.265141065236432814e+20
2.132300000000000029e-01,4.007634999999999792e+01,2.099416250571859427e+21
2.109900000000000109e-01,4.012699999999999534e+01,1.923021590279393640e+21
2.685600000000000209e-01,4.088830000000000098e+01,3.196336506622046634e+21
2.045299999999999896e-01,4.006434999999999746e+01,1.804284574256846864e+21
2.701000000000000068e-01,4.068590000000000373e+01,2.475565770939742290e+21
2.418500000000000094e-01,4.038074999999999903e+01,2.627272886885535973e+21
2.911400000000000099e-01,4.063599999999999568e+01,2.783997257493342323e+21
3.534599999999999964e-01,4.121674999999999756e+01,3.778945040446396563e+21
2.854300000000000170e-01,4.100225000000000364e+01,3.478507737736070824e+21
2.195499999999999952e-01,4.007189999999999941e+01,2.279961549352607678e+21
1.755800000000000138e-01,3.964764999999999873e+01,1.524030087135044043e+21
2.354199999999999904e-01,4.039289999999999736e+01,2.491278490549000602e+21
1.532499999999999973e-01,3.939964999999999407e+01,1.171484295735147233e+21
2.100499999999999867e-01,4.030474999999999852e+01,2.585100087731650822e+21
2.913499999999999979e-01,4.091944999999999766e+01,3.277551139521758757e+21
3.137599999999999834e-01,4.122249999999999659e+01,3.657903877487462449e+21
1.368699999999999917e-01,3.914020000000000010e+01,1.075973536599200498e+21
2.956699999999999884e-01,4.117079999999999984e+01,4.739980739958344253e+21
3.039399999999999880e-01,4.089624999999999488e+01,2.910512220327273038e+21
2.055700000000000027e-01,4.013154999999999717e+01,2.065278578068924137e+21
1.218999999999999945e-01,3.874124999999999375e+01,7.813242902609951457e+20
1.742799999999999905e-01,3.963689999999999714e+01,1.336247785826086814e+21
2.488299999999999956e-01,4.060280000000000200e+01,2.627828515842122318e+21
2.455799999999999927e-01,4.051590000000000202e+01,2.542830987367425769e+21
1.383300000000000085e-01,3.924949999999999761e+01,1.174888849626279313e+21
2.431500000000000050e-01,4.042794999999999561e+01,2.038530277813654389e+21
2.426699999999999968e-01,4.058455000000000013e+01,2.830997210393771770e+21
3.146800000000000153e-01,4.076179999999999382e+01,2.782352864754936578e+21
2.757299999999999751e-01,4.084850000000000136e+01,3.234211931355090518e+21
3.004100000000000104e-01,4.082039999999999935e+01,3.332003751038818451e+21
2.172800000000000009e-01,4.029394999999999527e+01,2.567098558096434790e+21
2.033500000000000030e-01,3.997339999999999804e+01,1.762491658852621091e+21
1.902500000000000024e-01,3.980610000000000070e+01,2.031184329763240280e+21
2.902100000000000235e-01,4.077139999999999986e+01,3.116394079819045274e+21
2.278600000000000070e-01,4.023434999999999917e+01,2.399246501696524780e+21
3.106499999999999817e-01,4.085974999999999824e+01,3.319891875872848740e+21
1.372899999999999954e-01,3.952264999999999873e+01,1.318779727016515863e+21
8.784000000000000141e-02,3.807959999999999923e+01,6.328812072281259377e+20
8.504000000000000448e-02,3.802284999999999826e+01,6.001536728318139433e+20
1.900900000000000090e-01,4.004859999999999332e+01,1.727573963667277611e+21
9.227000000000000479e-02,3.825759999999999650e+01,6.834058109288598733e+20
1.290300000000000058e-01,3.898984999999999701e+01,1.135796474080532627e+21
2.616600000000000037e-01,4.056680000000000064e+01,2.933868060590837072e+21
2.616200000000000192e-01,4.085589999999999833e+01,3.795738618609442750e+21
1.942200000000000037e-01,4.001715000000000089e+01,1.854948177188991009e+21
1.470299999999999940e-01,3.923975000000000080e+01,1.200701500854281437e+21
2.117900000000000060e-01,4.054484999999999673e+01,3.348080339875341009e+21
1.795799999999999896e-01,3.970174999999999699e+01,1.383656849489365041e+21
1.902899999999999869e-01,4.009279999999999688e+01,1.747263013607546290e+21
3.387999999999999901e-01,4.118970000000000198e+01,3.988951830889210315e+21
1.174100000000000005e-01,3.881924999999999670e+01,8.732596984692399145e+20
2.888999999999999901e-01,4.092949999999999733e+01,3.577489675932590408e+21
2.640500000000000069e-01,4.066790000000000305e+01,3.083461942069559820e+21
2.496099999999999985e-01,4.078164999999999907e+01,2.901146708260789682e+21
2.296700000000000130e-01,4.027939999999999543e+01,2.058062695763761431e+21
8.543000000000000593e-02,3.800799999999999557e+01,5.738131942466762834e+20
2.765599999999999725e-01,4.102544999999999931e+01,4.297855257079717560e+21
3.619299999999999740e-01,4.157439999999999714e+01,4.842709808150559588e+21
3.002099999999999769e-01,4.102535000000000309e+01,3.816675046231811031e+21
1.163499999999999951e-01,3.878464999999999918e+01,8.357346703127611965e+20
1.549200000000000021e-01,3.923104999999999620e+01,1.039870205479764361e+21
2.503699999999999815e-01,4.069819999999999993e+01,2.591729460220775105e+21
2.517400000000000193e-01,4.060899999999999466e+01,2.368169088724203733e+21
1.292800000000000060e-01,3.894709999999999894e+01,9.524448639850269901e+20
3.092900000000000094e-01,4.112384999999999735e+01,4.071837122777476235e+21
2.988799999999999790e-01,4.106704999999999472e+01,3.800893537628825584e+21
2.709099999999999842e-01,4.074190000000000111e+01,3.392341589624507859e+21
2.935300000000000131e-01,4.097974999999999568e+01,3.189646311755125621e+21
1.897899999999999865e-01,3.986504999999999654e+01,1.590030583204556571e+21
1.237599999999999950e-01,3.880230000000000246e+01,8.380435780687638036e+20
3.128799999999999915e-01,4.103085000000000093e+01,3.281590259944601420e+21
3.091499999999999804e-01,4.123604999999999876e+01,3.928383132576554942e+21
2.026699999999999890e-01,4.000265000000000271e+01,1.964624931866670006e+21
2.116300000000000125e-01,4.002469999999999573e+01,1.838656896944938942e+21
1.789000000000000035e-01,3.980249999999999488e+01,1.520208641845275918e+21
3.035399999999999765e-01,4.127199999999999847e+01,3.538765959135997985e+21
2.145700000000000107e-01,4.022169999999999845e+01,2.050138589794083799e+21
3.204500000000000126e-01,4.109559999999999746e+01,3.178115073696711311e+21
2.183499999999999885e-01,4.033180000000000121e+01,2.351005607157431534e+21
7.523000000000000520e-02,3.769879999999999853e+01,4.973539665949710090e+20
2.575999999999999956e-01,4.077114999999999867e+01,3.050175484364452266e+21
1.846800000000000108e-01,3.976469999999999771e+01,1.688892884260155818e+21
1.162799999999999945e-01,3.869474999999999909e+01,7.902744081654471721e+20
6.481000000000000649e-02,3.727655000000000030e+01,4.521154372870661734e+20
1.028799999999999992e-01,3.856045000000000300e+01,7.608941696974235894e+20
4.436999999999999972e-02,3.632415000000000305e+01,3.150228679640272732e+20
1.659499999999999864e-01,3.933449999999999847e+01,1.273589987139212018e+21
1.681699999999999862e-01,3.945229999999999393e+01,1.354420403092805648e+21
1.706300000000000039e-01,3.952374999999999972e+01,1.607313580681989980e+21
1.204199999999999993e-01,3.892005000000000337e+01,9.660148551451884913e+20
1.386799999999999977e-01,3.916995000000000005e+01,1.275476294421766210e+21
2.338000000000000078e-01,4.032065000000000055e+01,2.520901899288399315e+21
2.464300000000000102e-01,4.042229999999999990e+01,2.530102685571740598e+21
2.228600000000000025e-01,4.048040000000000305e+01,2.770142322154934895e+21
1.791500000000000037e-01,3.968089999999999407e+01,1.490566624921935938e+21
1.971799999999999942e-01,3.998179999999999978e+01,1.628536513674644816e+21
2.291600000000000026e-01,4.039444999999999908e+01,2.424968826564877746e+21
2.645100000000000229e-01,4.085354999999999848e+01,3.519127767803212333e+21
1.033700000000000035e-01,3.850194999999999368e+01,7.219667825289892987e+20
2.133799999999999863e-01,4.013185000000000002e+01,1.873494470308735222e+21
1.565300000000000025e-01,3.934399999999999409e+01,1.173302592356511646e+21
2.434000000000000052e-01,4.064884999999999593e+01,2.956450254836020543e+21
2.365200000000000080e-01,4.064809999999999945e+01,2.784895167788559106e+21
2.085200000000000109e-01,4.010195000000000221e+01,1.971716626070999925e+21
2.510399999999999854e-01,4.080639999999999645e+01,3.401424937403742683e+21
2.253400000000000125e-01,4.026099999999999568e+01,2.054393232960967410e+21
2.874200000000000088e-01,4.085405000000000086e+01,3.041481039121822515e+21
3.298400000000000221e-01,4.105334999999999468e+01,3.289988997146966753e+21
2.460299999999999987e-01,4.052799999999999869e+01,2.223318952584877441e+21
1.196600000000000025e-01,3.905185000000000173e+01,1.311530602325080801e+21
3.293099999999999916e-01,4.161014999999999731e+01,6.264936149501477913e+21
2.108200000000000074e-01,3.997655000000000314e+01,1.702322191439431729e+21
2.030800000000000105e-01,4.013490000000000180e+01,1.742145105302689677e+21
2.843600000000000017e-01,4.069819999999999993e+01,2.674489566390969172e+21
1.803700000000000025e-01,3.953754999999999598e+01,1.224637492485565186e+21
2.606999999999999873e-01,4.071274999999999977e+01,2.980457746821882053e+21
1.479199999999999959e-01,3.924029999999999774e+01,1.022830389533432742e+21
3.279299999999999993e-01,4.120515000000000327e+01,3.439336125881561645e+21
2.420599999999999974e-01,4.074519999999999698e+01,3.189101439791015133e+21
2.233400000000000107e-01,4.033074999999999477e+01,2.149250528155012694e+21
1.827999999999999903e-01,3.998184999999999434e+01,1.941816557569732248e+21
1.530400000000000094e-01,3.940240000000000009e+01,1.094519729445710594e+21
1.381799999999999973e-01,3.910325000000000273e+01,9.598797117711037235e+20
2.073500000000000065e-01,4.043994999999999607e+01,3.253025444083938623e+21
2.031300000000000050e-01,4.004164999999999708e+01,1.737521142479008825e+21
1.980099999999999916e-01,3.989104999999999990e+01,1.734427527375969583e+21
2.225600000000000078e-01,4.033559999999999945e+01,2.340842369361138156e+21
2.733999999999999764e-01,4.070624999999999716e+01,2.852151052609641251e+21
1.865100000000000091e-01,3.992515000000000214e+01,1.569770700725944582e+21
1.593499999999999917e-01,3.923814999999999742e+01,1.066441467695819915e+21
2.193499999999999894e-01,4.028539999999999566e+01,2.052471717268594622e+21
1.737299999999999955e-01,3.988119999999999976e+01,1.731593985337153290e+21
2.443599999999999939e-01,4.036024999999999352e+01,2.434942107103410520e+21
1.335300000000000098e-01,3.899394999999999811e+01,9.030858880759184753e+20
2.833200000000000163e-01,4.084409999999999741e+01,2.841204256691090620e+21
1.738300000000000123e-01,3.972839999999999350e+01,1.732191216656482828e+21
1.965399999999999925e-01,4.010795000000000243e+01,2.049999848794161676e+21
3.695200000000000151e-01,4.166254999999999598e+01,4.344566929754556989e+21
2.054799999999999960e-01,3.996580000000000155e+01,1.694612222163022512e+21
1.735700000000000021e-01,3.968215000000000003e+01,1.570030590493791879e+21
1.268799999999999928e-01,3.892600000000000193e+01,9.523186757684559872e+20
2.843399999999999817e-01,4.087399999999999523e+01,3.203594651426236662e+21
1.939200000000000090e-01,3.999580000000000268e+01,1.957562200560935371e+21
1.001800000000000052e-01,3.835705000000000098e+01,7.413999006634171433e+20
3.742500000000000271e-01,4.170470000000000255e+01,2.642916634848452411e+21
1.177099999999999952e-01,3.875184999999999746e+01,9.027764121141991178e+20
1.917600000000000138e-01,3.993149999999999977e+01,1.921321013570191753e+21
2.368399999999999950e-01,4.041434999999999889e+01,2.511273803073321435e+21
1.589899999999999924e-01,3.939614999999999867e+01,1.349215180010337599e+21
7.877000000000000668e-02,3.815760000000000218e+01,6.843227450980308091e+20
1.386400000000000132e-01,3.939934999999999832e+01,1.438442643455365612e+21
2.338099999999999901e-01,4.028475000000000250e+01,2.515820756346670154e+21
1.568900000000000017e-01,3.942475000000000307e+01,1.696266324592942383e+21
8.805999999999999939e-02,3.788089999999999691e+01,6.170537751763033784e+20
1.304500000000000104e-01,3.919634999999999536e+01,1.189542866642882789e+21
1.820299999999999974e-01,3.973590000000000089e+01,1.594511296345322029e+21
2.562499999999999778e-01,4.053985000000000127e+01,2.692499052137521611e+21
2.167399999999999882e-01,4.021229999999999905e+01,2.129975672056429937e+21
1.453299999999999870e-01,3.930865000000000009e+01,1.447710854165051212e+21
1.363900000000000112e-01,3.898644999999999783e+01,9.855935342774437806e+20
2.051499999999999990e-01,4.033400000000000318e+01,2.607491673524563608e+21
3.697599999999999776e-01,4.144745000000000346e+01,4.361568248907040293e+21
1.293999999999999873e-01,3.901205000000000211e+01,9.902950151470776320e+20
2.668699999999999961e-01,4.073224999999999341e+01,2.954608252292643684e+21
2.782200000000000228e-01,4.078659999999999997e+01,2.853365615955640058e+21
1.748300000000000132e-01,3.990559999999999974e+01,1.812909657597502816e+21
1.136400000000000049e-01,3.852709999999999724e+01,7.641184573671937147e+20
1.124200000000000060e-01,3.878094999999999715e+01,8.323262786557259284e+20
1.531700000000000006e-01,3.924240000000000350e+01,1.062371312290562048e+21
1.967099999999999960e-01,4.013790000000000191e+01,2.107455489696129876e+21
1.891400000000000026e-01,4.028524999999999778e+01,2.080295132177671389e+21
1.762499999999999900e-01,3.987675000000000125e+01,1.715709018777706824e+21
2.175700000000000134e-01,4.018089999999999407e+01,2.146909555652214915e+21
1.856299999999999895e-01,3.973784999999999457e+01,1.625990547315390939e+21
1.635600000000000109e-01,3.942369999999999663e+01,1.300626945773714276e+21
2.572099999999999942e-01,4.074694999999999823e+01,3.366100457880356913e+21
1.216399999999999981e-01,3.898064999999999714e+01,1.192214905408076120e+21
1.645500000000000018e-01,3.949405000000000143e+01,1.221601165057673921e+21
1.986199999999999910e-01,4.004070000000000107e+01,1.913833218619137589e+21
2.682100000000000040e-01,4.079934999999999690e+01,3.330197481406996152e+21
4.012800000000000256e-01,4.156499999999999773e+01,3.982627300391728972e+21
1.458099999999999952e-01,3.907309999999999661e+01,1.182540228128592888e+21
5.573000000000000176e-02,3.696164999999999878e+01,3.835523747953344512e+20
2.245199999999999974e-01,4.056494999999999607e+01,2.844545834353649254e+21
2.865500000000000269e-01,4.082304999999999495e+01,3.208282520212892811e+21
1.838799999999999879e-01,3.995264999999999844e+01,1.994317168398156694e+21
1.035100000000000048e-01,3.836074999999999591e+01,7.028037961420406784e+20
3.313599999999999879e-01,4.142999999999999972e+01,5.216610497006146683e+21
2.186500000000000110e-01,4.016194999999999737e+01,2.174705565966158529e+21
2.635700000000000265e-01,4.043500000000000227e+01,2.673198951981408846e+21
1.628400000000000125e-01,3.964829999999999899e+01,1.563720711976395735e+21
1.068299999999999944e-01,3.861839999999999407e+01,7.921261314324851589e+20
1.647699999999999998e-01,3.948489999999999611e+01,1.306035726474014360e+21
1.074999999999999983e-01,3.864475000000000193e+01,8.211190492312500961e+20
1.289899999999999936e-01,3.890829999999999700e+01,9.916888618811281900e+20
5.947999999999999815e-02,3.711775000000000091e+01,4.768214305298285855e+20
4.093000000000000110e-02,3.645279999999999632e+01,3.200159590328895406e+20
1.704999999999999918e-02,3.425645000000000095e+01,1.856623743233572536e+20
1.531000000000000069e-02,3.399754999999999683e+01,1.448426907260106998e+20
1.472000000000000045e-02,3.401579999999999870e+01,1.362699929676265062e+20
2.673000000000000029e-02,3.537104999999999677e+01,2.764150508568936448e+20
1.731999999999999859e-02,3.427179999999999893e+01,1.626631169484501484e+20
4.436999999999999972e-02,3.612084999999999724e+01,4.771761966701114163e+20
1.566999999999999990e-02,3.383070000000000022e+01,1.287915081781642527e+20
2.477000000000000035e-02,3.505930000000000035e+01,2.504889488725034598e+20
3.799999999999999906e-02,3.616639999999999588e+01,3.232324159162534461e+20
2.989999999999999949e-02,3.564130000000000109e+01,2.351723227651353149e+20
1.012000000000000052e-02,3.330745000000000289e+01,1.295753616811730371e+20
2.580000000000000002e-02,3.556479999999999819e+01,2.565501758494430659e+20
1.038000000000000034e-02,3.344959999999999667e+01,1.455150955602140856e+20
3.790999999999999925e-02,3.598510000000000275e+01,4.514555827435367301e+20
3.506999999999999701e-02,3.585114999999999696e+01,3.545223260990813635e+20
1.268000000000000030e-02,3.384859999999999758e+01,1.428942044655128576e+20
2.525000000000000161e-02,3.522814999999999941e+01,2.101629241454406533e+20
1.907999999999999974e-02,3.475339999999999918e+01,1.806956958344912241e+20
3.488999999999999740e-02,3.576834999999999809e+01,3.383385604499968492e+20
2.949999999999999845e-02,3.574380000000000024e+01,2.552780742116716380e+20
3.416000000000000286e-02,3.597565000000000168e+01,3.469843228486577029e+20
4.066999999999999782e-02,3.619279999999999831e+01,2.768688907860198687e+20
7.514999999999999458e-02,3.728820000000000334e+01,5.081188059185120543e+20
5.580999999999999850e-02,3.663214999999999577e+01,3.711222685998874624e+20
2.528999999999999998e-02,3.518959999999999866e+01,2.161681721869702267e+20
3.500999999999999945e-02,3.605809999999999604e+01,2.896801151259930460e+20
2.845999999999999919e-02,3.540509999999999735e+01,2.262013305904207626e+20
3.280000000000000276e-02,3.604084999999999894e+01,2.898845463054399898e+20
3.377999999999999753e-02,3.578794999999999504e+01,2.909921289246673469e+20
4.596999999999999698e-02,3.668219999999999459e+01,3.188377315939282452e+20
4.340999999999999720e-02,3.633145000000000380e+01,3.153206975731295191e+20
5.684000000000000163e-02,3.713354999999999961e+01,4.561090425165960970e+20
2.024000000000000105e-02,3.468679999999999808e+01,1.575670832509545677e+20
3.191000000000000086e-02,3.599204999999999899e+01,2.859896484438565847e+20
4.150000000000000216e-02,3.639669999999999561e+01,3.414741100258676572e+20
2.639000000000000026e-02,3.533305000000000007e+01,2.310534987332432691e+20
2.650999999999999884e-02,3.546744999999999948e+01,2.197027331135738675e+20
2.689000000000000071e-02,3.527544999999999931e+01,2.035923691346889933e+20
2.349000000000000046e-02,3.502360000000000184e+01,1.926805066927501804e+20
5.066999999999999976e-02,3.697225000000000250e+01,5.630078410615826678e+20
4.093000000000000110e-02,3.613020000000000209e+01,3.098991189980493251e+20
6.876999999999999780e-02,3.756815000000000282e+01,5.171898819823082537e+20
1.754000000000000004e-02,3.438409999999999656e+01,1.427104654659165225e+20
2.556999999999999898e-02,3.526069999999999993e+01,2.426241299431177585e+20
2.188999999999999974e-02,3.493084999999999951e+01,1.905410298667422515e+20
3.155000000000000165e-02,3.552790000000000248e+01,2.582560199423875154e+20
6.844999999999999696e-02,3.771034999999999826e+01,6.272828311446106931e+20
2.248999999999999957e-02,3.496974999999999767e+01,1.944959382865766318e+20
4.948999999999999927e-02,3.672404999999999831e+01,3.912769806200265114e+20
3.160999999999999921e-02,3.577360000000000184e+01,2.570496628962241413e+20
3.434000000000000247e-02,3.601295000000000357e+01,2.833903043235139092e+20
4.485999999999999710e-02,3.660549999999999926e+01,4.412855771002346537e+20
1.531000000000000069e-02,3.414934999999999832e+01,1.478917411198259036e+20
3.048000000000000015e-02,3.565294999999999703e+01,2.584252402454096445e+20
3.837000000000000133e-02,3.630209999999999582e+01,4.260137219971838771e+20
3.681999999999999856e-02,3.617054999999999865e+01,3.056064023696133980e+20
2.210000000000000159e-02,3.517949999999999733e+01,2.129345026382604861e+20
1.401999999999999948e-02,3.404804999999999637e+01,1.499341051132227420e+20
5.890000000000000097e-02,3.719200000000000017e+01,4.490056656029042606e+20
5.895000000000000240e-02,3.717069999999999652e+01,3.899898547517686415e+20
6.887999999999999678e-02,3.757779999999999632e+01,7.085604210188690391e+20
2.040000000000000147e-02,3.510669999999999646e+01,2.328654504445639066e+20
2.894000000000000045e-02,3.542685000000000173e+01,2.291527522637144064e+20
2.384000000000000008e-02,3.510129999999999484e+01,2.012344828370978079e+20
1.451000000000000033e-02,3.429704999999999870e+01,1.739143167516005171e+20
3.291999999999999788e-02,3.585200000000000387e+01,2.504950121957100093e+20
6.454999999999999627e-02,3.718944999999999368e+01,4.419341468564931215e+20
1.662999999999999895e-02,3.441384999999999650e+01,1.628844060045884785e+20
5.358999999999999875e-02,3.686869999999999692e+01,4.910154091688133919e+20
3.162999999999999839e-02,3.561965000000000003e+01,2.264295002214049710e+20
2.750999999999999973e-02,3.539779999999999660e+01,2.220341474014528471e+20
2.559000000000000163e-02,3.495139999999999958e+01,1.767920063725216399e+20
2.401000000000000009e-02,3.518645000000000067e+01,1.952868006772582318e+20
3.713000000000000328e-02,3.596044999999999447e+01,2.616985835714467594e+20
3.407999999999999918e-02,3.579975000000000307e+01,2.544810478870278963e+20
2.453999999999999931e-02,3.500009999999999621e+01,1.830068926809065390e+20
1.696999999999999897e-02,3.431334999999999980e+01,1.595726382647175414e+20
1.628999999999999893e-02,3.457685000000000031e+01,1.772368029410691973e+20
3.184000000000000025e-02,3.574224999999999852e+01,2.419865519082916741e+20
3.699999999999999817e-02,3.614884999999999593e+01,3.075207296445990830e+20
2.931999999999999884e-02,3.526480000000000103e+01,2.319190572288324403e+20
1.739999999999999880e-02,3.466594999999999516e+01,1.829180481786388808e+20
3.577999999999999931e-02,3.599204999999999899e+01,3.987437080703038259e+20
2.844999999999999959e-02,3.544785000000000252e+01,2.365975285018633830e+20
5.034999999999999892e-02,3.669029999999999347e+01,5.063212020833049641e+20
4.268999999999999878e-02,3.633324999999999960e+01,3.076562094609574134e+20
3.212000000000000272e-02,3.563615000000000066e+01,2.720907007888501637e+20
2.751999999999999932e-02,3.546689999999999543e+01,2.513279919159456563e+20
3.048999999999999974e-02,3.568724999999999881e+01,2.726066712796985426e+20
1.723999999999999838e-02,3.432939999999999969e+01,1.642003059482763264e+20
7.062999999999999834e-02,3.745924999999999727e+01,5.403089791341610271e+20
5.344000000000000139e-02,3.702205000000000013e+01,5.004761980731849441e+20
2.878000000000000003e-02,3.550835000000000008e+01,2.201747710488230625e+20
3.518000000000000294e-02,3.582245000000000346e+01,3.157179982356793917e+20
3.348000000000000281e-02,3.588020000000000209e+01,3.235644393453252116e+20
4.651000000000000273e-02,3.658185000000000286e+01,3.415410507231131730e+20
6.119000000000000133e-02,3.732460000000000377e+01,4.966980122046825759e+20
4.714000000000000135e-02,3.656274999999999409e+01,3.576491361385921905e+20
2.120000000000000009e-02,3.484659999999999513e+01,1.936729556764927263e+20
4.028000000000000330e-02,3.622059999999999746e+01,2.878883231054642217e+20
3.862999999999999767e-02,3.626144999999999641e+01,3.282604036212715684e+20
3.314000000000000279e-02,3.579224999999999568e+01,2.523598264654551450e+20
2.414000000000000173e-02,3.508034999999999570e+01,1.909565683026512445e+20
2.836999999999999938e-02,3.550439999999999685e+01,2.206728899970711224e+20
1.043000000000000003e-02,3.332479999999999620e+01,1.320859234195031163e+20
2.037999999999999881e-02,3.482954999999999757e+01,1.889295455694439055e+20
4.710000000000000298e-02,3.638419999999999987e+01,3.864902524123106509e+20
3.984000000000000041e-02,3.610739999999999839e+01,2.718177300187466629e+20
1.220000000000000077e-02,3.385660000000000025e+01,1.475039783181984891e+20
1.271000000000000081e-02,3.368110000000000070e+01,1.367089124161943798e+20
1.762999999999999984e-02,3.433539999999999992e+01,1.642606810644824719e+20
2.171000000000000013e-02,3.490200000000000102e+01,1.858689849230980547e+20
1.572000000000000133e-02,3.426115000000000066e+01,1.955623444958608097e+20
1.972000000000000142e-02,3.467645000000000266e+01,1.963854877590771466e+20
1.677999999999999978e-02,3.432685000000000031e+01,1.666044287305475359e+20
1.226000000000000006e-02,3.386739999999999640e+01,1.492286668977537352e+20
5.322000000000000342e-02,3.697914999999999708e+01,4.550197488514604728e+20
3.055000000000000077e-02,3.528934999999999889e+01,7.568987901347599483e+20
3.000999999999999848e-02,3.557330000000000325e+01,2.231695814138553631e+20
1.506000000000000047e-02,3.401930000000000121e+01,1.409897821059396076e+20
1.529999999999999936e-02,3.407049999999999557e+01,1.361377900313929482e+20
4.712999999999999828e-02,3.656789999999999452e+01,3.425105305486536868e+20
3.411000000000000143e-02,3.591499999999999915e+01,2.456285143231840911e+20
1.519999999999999997e-02,3.393545000000000300e+01,1.422546088916666941e+20
1.503999999999999955e-02,3.409914999999999452e+01,1.422101174224591749e+20
2.762999999999999831e-02,3.563454999999999728e+01,2.272611617674627318e+20
3.359000000000000180e-02,3.599354999999999905e+01,2.400085669354208297e+20
1.447000000000000022e-02,3.404079999999999728e+01,1.509567830118624461e+20
2.546999999999999958e-02,3.526574999999999704e+01,2.009368542637404324e+20
1.081999999999999976e-02,3.340859999999999985e+01,1.245901386033645814e+20
1.740999999999999839e-02,3.450000000000000000e+01,1.692527402644630405e+20
2.031000000000000166e-02,3.470564999999999856e+01,1.679839877199696691e+20
4.818999999999999673e-02,3.683440000000000225e+01,4.104175550131412009e+20
2.222999999999999976e-02,3.479179999999999495e+01,1.702207404855734764e+20
2.810999999999999957e-02,3.574649999999999750e+01,2.514284664350644634e+20
5.457999999999999657e-02,3.685210000000000008e+01,3.432395788712549417e+20
5.720999999999999697e-02,3.700444999999999851e+01,3.979497306480145859e+20
2.091000000000000150e-02,3.476594999999999658e+01,1.785844863412917371e+20
1.454000000000000084e-02,3.439535000000000053e+01,1.785127005875559137e+20
4.309999999999999942e-02,3.637675000000000125e+01,2.875061914125350994e+20
3.273000000000000215e-02,3.578430000000000177e+01,2.475742127567412265e+20
3.398999999999999938e-02,3.575135000000000218e+01,2.240341419813273600e+20
1.382000000000000069e-02,3.387834999999999752e+01,1.314327961170766561e+20
5.091999999999999998e-02,3.682034999999999769e+01,3.977196929065659924e+20
1.752000000000000085e-02,3.445579999999999643e+01,1.635630611112042496e+20
2.481999999999999831e-02,3.504994999999999550e+01,1.956693863756709560e+20
2.879999999999999921e-02,3.549164999999999992e+01,2.446174330907606057e+20
1.567999999999999949e-02,3.415890000000000271e+01,1.475695660283419361e+20
2.196999999999999995e-02,3.476744999999999663e+01,1.821338155992728207e+20
3.425999999999999879e-02,3.587009999999999366e+01,2.607889804184022876e+20
1.697999999999999857e-02,3.406969999999999743e+01,1.446734304401232527e+20
2.751999999999999932e-02,3.563594999999999402e+01,2.549043658835374899e+20
3.438000000000000084e-02,3.600709999999999411e+01,2.775710569244770632e+20
1.318000000000000074e-02,3.395604999999999762e+01,1.517056252930764964e+20
1.726000000000000104e-02,3.431559999999999633e+01,1.566746607983887647e+20
1.209000000000000005e-02,3.337910000000000110e+01,1.286183166817652408e+20
5.417999999999999899e-02,3.672180000000000177e+01,3.560748184636703375e+20
1.969999999999999876e-02,3.485454999999999615e+01,2.123404018312843100e+20
1.661999999999999936e-02,3.403119999999999834e+01,1.342259816408365629e+20
2.398000000000000131e-02,3.522390000000000043e+01,2.131283626054870303e+20
3.144000000000000267e-02,3.571894999999999953e+01,2.374955486356700856e+20
1.290999999999999960e-02,3.359029999999999916e+01,1.281223484301314294e+20
3.826999999999999846e-02,3.639714999999999634e+01,3.259745903304700723e+20
1.532000000000000028e-02,3.434859999999999758e+01,1.722174492760394629e+20
2.642999999999999863e-02,3.531834999999999525e+01,2.327591024101357650e+20
2.019999999999999921e-02,3.442284999999999684e+01,1.662337799888494920e+20
3.729999999999999982e-02,3.621959999999999980e+01,2.887146113676417761e+20
2.348000000000000087e-02,3.506264999999999787e+01,2.042322050267607859e+20
1.634999999999999995e-02,3.428309999999999746e+01,1.549361771407554642e+20
2.274999999999999939e-02,3.493479999999999563e+01,1.878689624122740900e+20
2.305000000000000104e-01,4.041379999999999484e+01,2.525512840663399399e+21
3.811999999999999833e-01,4.192674999999999841e+01,4.863863502175403508e+21
2.534000000000000141e-01,4.049145000000000039e+01,2.004913446778200392e+21
1.526000000000000134e-01,3.933714999999999407e+01,1.227912195748854759e+21
4.364999999999999991e-01,4.224544999999999817e+01,5.683667103376662856e+21
1.023000000000000020e-01,3.855364999999999753e+01,7.958370632092786360e+20
3.711999999999999744e-01,4.152745000000000175e+01,3.042560478888644837e+21
4.661000000000000143e-01,4.218219999999999459e+01,4.511313300670924194e+21
1.958999999999999908e-01,3.990134999999999366e+01,1.477930250484486242e+21
3.111999999999999766e-01,4.114170000000000016e+01,2.595978780823806542e+21
3.219999999999999946e-02,3.587199999999999989e+01,2.717400756532129300e+20
1.097999999999999948e-01,3.869244999999999379e+01,9.552050113639162839e+20
2.255000000000000060e-01,4.012299999999999756e+01,1.865442865392757768e+21
2.604000000000000203e-01,4.062765000000000271e+01,2.304269447728181805e+21
2.253000000000000003e-01,4.026290000000000191e+01,1.966883997537775911e+21
4.474000000000000199e-01,4.199904999999999688e+01,5.534460569818689962e+21
4.399000000000000132e-01,4.225454999999999472e+01,6.709324898986998366e+21
3.373999999999999777e-01,4.114045000000000130e+01,3.535702949031686701e+21
5.282999999999999918e-01,4.224219999999999686e+01,5.709878293434130760e+21
5.760999999999999455e-01,4.263589999999999947e+01,6.977032719205082857e+21
3.876000000000000001e-01,4.178909999999999769e+01,5.203277276804195287e+21
3.599999999999999867e-01,4.132755000000000223e+01,3.485961675201913029e+21
3.469999999999999751e-01,4.119119999999999493e+01,3.494231681532888613e+21
4.390999999999999903e-01,4.196614999999999895e+01,4.609752569972211057e+21
3.492000000000000104e-01,4.125750000000000028e+01,2.944831102871373611e+21
4.304999999999999938e-01,4.194440000000000168e+01,4.410671490377869951e+21
5.088000000000000300e-01,4.217929999999999779e+01,5.456870201252525375e+21
2.888000000000000012e-01,4.088259999999999650e+01,2.696727859845893456e+21
1.726999999999999924e-01,3.989024999999999466e+01,1.764606154036816118e+21
3.180000000000000049e-01,4.123869999999999436e+01,3.849260687259033666e+21
2.752000000000000002e-01,4.090715000000000146e+01,2.951289294442961830e+21
1.029999999999999943e-01,3.830405000000000371e+01,8.019778117165023232e+20
2.048999999999999988e-01,3.995389999999999731e+01,2.185199483069508878e+21
2.646999999999999909e-01,4.064489999999999981e+01,2.622120783652974494e+21
2.348000000000000087e-01,4.026439999999999486e+01,3.122748252890453770e+21
2.144999999999999962e-01,4.013405000000000200e+01,2.623636243243411177e+21
4.275999999999999801e-01,4.243515000000000015e+01,7.470484279678161912e+21
4.018999999999999795e-01,4.165359999999999729e+01,4.543641939568455844e+21
3.217999999999999750e-01,4.094774999999999920e+01,3.110592483169770930e+21
4.511999999999999900e-01,4.212344999999999828e+01,4.670423589218593276e+21
1.612000000000000099e-01,3.947364999999999924e+01,1.348659379531606131e+21
3.512000000000000122e-01,4.145964999999999634e+01,3.199080938681001312e+21
2.492000000000000048e-01,4.042714999999999748e+01,2.006903528916607304e+21
8.219999999999999529e-02,3.792945000000000277e+01,6.784767709921112228e+20
1.055999999999999994e-01,3.851670000000000016e+01,7.174831527398722765e+20
3.326999999999999957e-01,4.145080000000000098e+01,3.987754094526221255e+21
1.021999999999999992e-01,3.845309999999999917e+01,7.675998573170113905e+20
2.928000000000000047e-01,4.088960000000000150e+01,2.909329820029875651e+21
1.325999999999999956e-01,3.893774999999999409e+01,8.658868924010045112e+20
2.706999999999999962e-01,4.062425000000000352e+01,2.270017633559213244e+21
1.004000000000000031e-01,3.848069999999999879e+01,7.696293619902869668e+20
3.536000000000000254e-01,4.154579999999999984e+01,4.183233283631456190e+21
4.234999999999999876e-01,4.199899999999999523e+01,9.641628507576341627e+21
3.000999999999999779e-01,4.111084999999999923e+01,2.841457681862922600e+21
1.476000000000000090e-01,3.928744999999999976e+01,1.179123267380633666e+21
2.288000000000000034e-01,4.036525000000000318e+01,2.184599591357404938e+21
1.388000000000000067e-01,3.922204999999999586e+01,1.042767167114455810e+21
1.436000000000000054e-01,3.928005000000000280e+01,1.097253482460303065e+21
9.189999999999999558e-02,3.835469999999999402e+01,7.639561186221702513e+20
1.567999999999999949e-01,3.952389999999999759e+01,1.434248308168171454e+21
2.388000000000000123e-01,4.059555000000000291e+01,4.672259531370206331e+21
1.496000000000000107e-01,3.955154999999999887e+01,1.945209436685171950e+21
5.078000000000000291e-01,4.239369999999999550e+01,6.119887354645505376e+21
2.528000000000000247e-01,4.060755000000000337e+01,2.132639194996580024e+21
2.842000000000000082e-01,4.071629999999999683e+01,2.258255422862875165e+21
2.368000000000000105e-01,4.042239999999999611e+01,2.161278104123550466e+21
3.412000000000000033e-01,4.128784999999999883e+01,3.819242176823219454e+21
2.641000000000000014e-01,4.046399999999999864e+01,2.505722047912053047e+21
3.489999999999999769e-01,4.151619999999999777e+01,3.765929255636999078e+21
3.211999999999999855e-01,4.111484999999999701e+01,2.964799633676546605e+21
1.351999999999999869e-01,3.920744999999999436e+01,1.207485781951379931e+21
3.064999999999999947e-01,4.128164999999999907e+01,4.186483360022788571e+21
2.335000000000000131e-01,4.061045000000000016e+01,3.017350585281190298e+21
3.005999999999999783e-01,4.131834999999999525e+01,4.502048852165170561e+21
3.675999999999999823e-01,4.139039999999999964e+01,3.328991532661901099e+21
1.691999999999999893e-01,3.965540000000000020e+01,1.399356288212906017e+21
7.975999999999999757e-02,3.773699999999999477e+01,5.148665039765012480e+20
1.806000000000000105e-01,3.978640000000000043e+01,1.481459308945208771e+21
1.806000000000000105e-01,3.974674999999999869e+01,2.064683253774287110e+21
2.306999999999999884e-01,4.043314999999999770e+01,2.718721484993634763e+21
4.581999999999999962e-02,3.669254999999999711e+01,3.886416221528240947e+20
2.212000000000000077e-01,4.018529999999999802e+01,1.855528161817766396e+21
2.006000000000000005e-01,3.992739999999999867e+01,2.940922876959020548e+21
7.549999999999999767e-02,3.777799999999999869e+01,6.060166103056011756e+20
2.627000000000000168e-02,3.538384999999999536e+01,2.322507661404723610e+20
1.912000000000000088e-01,3.945499999999999829e+01,1.715519778176481886e+21
1.776999999999999968e-01,3.975520000000000209e+01,1.401792721940339753e+21
1.852000000000000035e-01,3.993710000000000093e+01,1.591478551550177313e+21
3.491000000000000214e-01,4.142924999999999613e+01,3.760555934372173185e+21
2.711999999999999966e-01,4.070944999999999681e+01,2.113219279833870369e+21
2.921000000000000263e-01,4.057535000000000025e+01,2.279482297810257183e+21
3.704000000000000070e-01,4.119440000000000168e+01,2.773084760503708287e+21
9.629999999999999671e-02,3.822149999999999892e+01,9.223259326801623122e+20
1.807999999999999885e-01,3.967520000000000380e+01,1.359720411552595050e+21
2.747999999999999887e-01,4.077339999999999520e+01,3.119379201072024257e+21
2.454000000000000070e-01,4.065890000000000271e+01,2.770174839614177542e+21
3.618000000000000105e-01,4.130819999999999936e+01,5.279753494642942804e+21
2.318000000000000060e-01,4.032184999999999775e+01,2.504506413992141914e+21
1.466000000000000081e-01,3.931104999999999450e+01,1.157111577518390116e+21
1.592000000000000082e-01,3.958504999999999541e+01,2.121834012980162068e+21
4.198000000000000065e-01,4.185829999999999984e+01,4.964637393410475426e+21
3.191999999999999837e-01,4.106595000000000084e+01,3.642011744452658856e+21
5.195999999999999508e-01,4.237595000000000312e+01,8.454281459607277666e+21
1.506000000000000116e-01,3.933749999999999858e+01,1.152960341378161181e+21
3.025999999999999801e-01,4.101349999999999341e+01,3.626505414284981305e+21
2.106000000000000094e-01,4.013864999999999839e+01,2.460591614095534326e+21
2.396000000000000074e-01,4.011894999999999811e+01,2.210730303913456828e+21
3.316000000000000059e-01,4.115809999999999746e+01,2.942001120634729398e+21
2.006000000000000005e-01,4.012484999999999502e+01,2.413897073981262397e+21
3.605999999999999761e-01,4.156210000000000093e+01,4.174811547411777847e+21
2.426000000000000101e-01,4.074080000000000013e+01,2.423620314961565712e+21
2.212000000000000077e-01,4.022175000000000011e+01,2.357080128271853814e+21
1.205999999999999989e-01,3.876879999999999882e+01,1.570988720853359264e+21
3.412000000000000033e-01,4.128605000000000302e+01,4.334905061116809839e+21
2.504000000000000115e-01,4.042680000000000007e+01,2.279409256303228617e+21
3.804000000000000159e-01,4.155349999999999966e+01,3.824514869194912694e+21
3.105999999999999872e-01,4.121734999999999616e+01,3.495814831566083850e+21
1.993999999999999939e-01,3.979679999999999751e+01,1.835681028680384774e+21
2.399999999999999911e-01,4.049339999999999407e+01,2.920814596966439715e+21
5.027000000000000357e-01,4.229585000000000150e+01,8.678208906465094140e+21
3.700999999999999845e-01,4.150034999999999741e+01,3.847950626189984399e+21
2.700000000000000178e-01,4.076744999999999663e+01,2.797516047015345127e+21
2.631000000000000005e-01,4.079099999999999682e+01,2.640190548615177437e+21
2.680000000000000160e-01,4.062474999999999881e+01,3.188974147005366403e+21
3.079999999999999960e-01,4.135174999999999557e+01,3.132941036976556999e+21
2.500000000000000000e-01,4.077679999999999438e+01,3.277704263708139061e+21
2.803999999999999826e-01,4.077870000000000061e+01,2.247959552221214409e+21
3.148000000000000242e-01,4.130409999999999826e+01,3.249417174667693654e+21
3.287999999999999812e-01,4.153289999999999793e+01,4.794617629949789471e+21
3.296999999999999931e-01,4.138689999999999714e+01,3.171726721668143907e+21
2.587999999999999745e-01,4.053905000000000314e+01,2.566347599809312981e+21
2.245999999999999941e-01,4.006810000000000116e+01,2.288205329327928902e+21
2.101999999999999980e-01,4.032079999999999842e+01,2.010382277914400915e+21
3.877999999999999781e-01,4.169440000000000168e+01,5.758419291341544489e+21
3.068000000000000171e-01,4.108749999999999858e+01,3.466767847205851628e+21
3.652000000000000246e-01,4.160649999999999693e+01,4.279377869418316431e+21
2.487999999999999934e-01,4.053269999999999840e+01,2.911179848740397646e+21
2.988000000000000100e-01,4.079335000000000377e+01,3.347895875902348198e+21
1.237999999999999934e-01,3.897409999999999997e+01,9.617508826597425152e+20
3.311999999999999944e-01,4.116889999999999361e+01,3.440768506989958398e+21
3.825999999999999956e-01,4.158594999999999686e+01,5.400199860183098196e+21
2.406000000000000083e-01,4.053114999999999668e+01,2.143995067197817881e+21
1.711999999999999911e-01,3.968729999999999336e+01,2.135768938163889242e+21
2.088000000000000134e-01,4.025900000000000034e+01,2.575937939945944515e+21
2.896000000000000241e-01,4.111499999999999488e+01,3.925244055416354111e+21
2.457000000000000017e-01,4.054659999999999798e+01,2.251057811060381450e+21
1.360999999999999988e-01,3.916145000000000209e+01,1.196602316400258187e+21
1.504999999999999949e-01,3.925569999999999737e+01,1.176206266783054692e+21
1.187000000000000000e-01,3.866764999999999475e+01,9.603821297701373870e+20
2.447999999999999898e-01,4.045304999999999751e+01,2.191709458334234444e+21
3.503000000000000003e-01,4.136229999999999762e+01,2.849023067824025240e+21
6.191999999999999726e-01,4.288339999999999463e+01,6.221466233896737702e+21
2.195999999999999897e-01,4.023144999999999527e+01,1.709555837052152447e+21
9.940000000000000224e-02,3.858289999999999509e+01,8.192117660165984748e+20
4.097999999999999976e-01,4.186679999999999779e+01,6.973528346813151576e+21
5.024999999999999467e-01,4.221424999999999983e+01,8.333766449950349066e+21
3.815000000000000058e-01,4.171495000000000175e+01,4.447929853145581617e+21
2.797000000000000042e-01,4.069689999999999941e+01,2.235092637908305445e+21
2.306999999999999884e-01,4.014844999999999686e+01,2.336711326704078946e+21
4.269000000000000017e-01,4.195940000000000225e+01,5.735683302308723032e+21
5.501000000000000334e-01,4.253909999999999769e+01,6.591861260852381352e+21
3.252999999999999781e-01,4.136764999999999759e+01,3.763613789324843155e+21
3.508999999999999897e-01,4.140245000000000175e+01,3.496485590760914158e+21
3.282999999999999807e-01,4.137245000000000061e+01,4.909791599446077735e+21
4.504000000000000226e-01,4.185029999999999717e+01,4.387048761453932708e+21
6.440999999999999504e-02,3.749974999999999881e+01,4.942890308264411136e+20
6.558999999999999553e-02,3.731255000000000166e+01,5.234333223394480620e+20
3.185000000000000053e-01,4.121159999999999712e+01,3.108683389368195351e+21
1.453000000000000125e-01,3.965509999999999735e+01,2.096036284927018271e+21
1.396000000000000019e-01,3.917990000000000350e+01,1.100409510791578911e+21
4.294000000000000039e-01,4.215514999999999901e+01,5.877455514482503582e+21
2.165999999999999870e-01,3.999575000000000102e+01,1.625851187224033100e+21
3.665999999999999814e-01,4.128674999999999784e+01,4.792624731959412654e+21
3.805999999999999939e-01,4.160629999999999740e+01,4.118355097788267102e+21
4.205999999999999739e-01,4.187584999999999980e+01,5.501574664492124471e+21
1.995999999999999996e-01,4.001174999999999926e+01,2.183058615217797988e+21
5.106000000000000538e-01,4.222059999999999746e+01,6.863829155251085115e+21
4.267000000000000237e-01,4.201890000000000214e+01,5.453145108113588748e+21
3.155999999999999917e-01,4.133419999999999561e+01,4.009788396841691775e+21
5.778999999999999693e-01,4.268019999999999925e+01,8.024432981415172243e+21
4.812000000000000166e-01,4.241660000000000252e+01,6.626767639778227651e+21
3.921999999999999931e-01,4.158854999999999791e+01,4.670372787659463459e+21
1.734999999999999876e-01,3.948824999999999363e+01,1.200390975074319466e+21
3.301999999999999935e-01,4.139839999999999520e+01,3.107046006029818528e+21
2.995999999999999774e-01,4.110344999999999516e+01,3.832954459298693906e+21
2.295999999999999985e-01,4.035824999999999818e+01,2.372846212844159500e+21
2.927000000000000157e-01,4.094424999999999670e+01,3.829918745517937918e+21
2.084999999999999909e-01,3.999294999999999334e+01,1.608246797792725959e+21
2.748999999999999777e-01,4.068689999999999429e+01,2.256709975848148533e+21
3.032000000000000250e-01,4.106824999999999903e+01,2.791654473686610084e+21
3.589999999999999858e-01,4.159584999999999866e+01,3.996639096884523172e+21
3.599999999999999867e-01,4.127020000000000266e+01,4.110573825530117226e+21
3.489999999999999769e-01,4.138164999999999338e+01,3.313623684317332374e+21
6.303999999999999604e-01,4.271689999999999543e+01,5.781262177185572061e+21
3.206999999999999851e-01,4.141920000000000357e+01,4.236318468767510692e+21
5.100000000000000089e-01,4.224674999999999869e+01,4.734999142533137695e+21
3.669000000000000039e-01,4.140670000000000073e+01,3.386073335663686058e+21
1.383999999999999952e-01,3.919440000000000168e+01,1.019859804545468727e+21
1.791999999999999982e-01,3.994674999999999443e+01,2.065027967572753252e+21
1.716999999999999915e-01,3.961999999999999744e+01,1.387256325639634158e+21
2.707999999999999852e-01,4.063559999999999661e+01,2.375283394823931822e+21
3.472999999999999976e-01,4.163254999999999484e+01,7.667733435881535570e+21
4.796000000000000263e-01,4.201309999999999434e+01,5.231223888446011474e+21
3.191999999999999837e-01,4.131689999999999685e+01,3.614656179237664850e+21
5.191999999999999948e-01,4.235779999999999745e+01,6.393799108928584286e+21
3.801999999999999824e-01,4.158214999999999861e+01,3.855438275107981099e+21
3.711999999999999744e-01,4.153804999999999836e+01,7.685597534597964366e+21
1.807999999999999885e-01,3.987399999999999523e+01,1.684094051450704364e+21
2.235999999999999932e-01,4.015104999999999791e+01,1.849908159790950646e+21
1.411999999999999922e-01,3.924219999999999686e+01,1.327054239116636455e+21
3.054999999999999938e-01,4.108485000000000298e+01,2.833826908162727870e+21
4.045000000000000262e-01,4.152805000000000035e+01,4.467317968089158517e+21
2.856000000000000205e-01,4.083724999999999739e+01,2.810815793908068909e+21
3.012000000000000233e-01,4.098590000000000089e+01,3.018529321465493848e+21
2.636999999999999900e-01,4.063190000000000168e+01,2.453858961296164651e+21
5.006000000000000449e-01,4.237169999999999703e+01,8.242957348016273490e+21
3.050999999999999823e-01,4.104294999999999760e+01,2.547863145592912347e+21
3.856999999999999873e-01,4.168245000000000289e+01,3.905129216032720290e+21
1.985000000000000098e-01,4.004420000000000357e+01,1.778859393391193227e+21
9.059999999999999998e-02,3.815805000000000291e+01,6.785437613453680312e+20
4.773999999999999910e-01,4.232609999999999673e+01,6.880226765551221866e+21
3.311999999999999944e-01,4.123099999999999454e+01,2.913325109735660192e+21
4.712000000000000077e-01,4.210965000000000202e+01,5.640432622169529254e+21
3.306000000000000050e-01,4.117260000000000275e+01,3.786922973435706474e+21
2.606999999999999873e-01,4.075719999999999743e+01,2.939192928191380980e+21
7.141000000000000125e-02,3.755745000000000289e+01,5.542419880759649894e+20
1.812000000000000000e-01,3.982599999999999341e+01,2.105218122682775896e+21
3.378999999999999782e-01,4.131315000000000026e+01,3.902154373756849488e+21
1.221000000000000002e-01,3.877365000000000350e+01,9.357595017320748810e+20
2.500999999999999890e-01,4.051349999999999341e+01,2.551975779706281132e+21
1.603999999999999870e-01,3.956234999999999502e+01,1.947346159558247580e+21
2.988000000000000100e-01,4.139484999999999815e+01,4.382323613352860844e+21
3.891999999999999904e-01,4.151805000000000234e+01,4.014789686983491322e+21
2.928000000000000047e-01,4.086869999999999692e+01,3.522344300765007839e+21
3.287999999999999812e-01,4.106550000000000011e+01,4.075284713995410342e+21
3.055999999999999828e-01,4.109949999999999903e+01,3.141630758763246387e+21
2.857999999999999985e-01,4.086645000000000039e+01,2.938489471897248465e+21
4.292000000000000259e-01,4.187919999999999732e+01,4.982389838163704021e+21
1.791999999999999982e-01,3.988100000000000023e+01,2.260828905884034007e+21
1.895999999999999908e-01,3.990024999999999977e+01,2.165344644737085473e+21
2.487999999999999934e-01,4.059024999999999750e+01,2.779070103401185411e+21
4.096000000000000196e-01,4.188094999999999857e+01,6.497535558223177712e+21
2.416000000000000092e-01,4.025674999999999670e+01,2.093902823571242353e+21
3.376000000000000112e-01,4.127909999999999968e+01,4.301036387493937676e+21
7.059999999999999609e-02,3.788434999999999775e+01,1.628154941456787964e+21
3.456000000000000183e-01,4.135929999999999751e+01,4.379201982581962179e+21
3.306000000000000050e-01,4.138705000000000211e+01,4.205063199222832038e+21
5.494999999999999885e-02,3.700184999999999746e+01,4.190487582026781819e+20
4.230999999999999761e-01,4.177854999999999563e+01,4.637047121409622409e+21
1.072000000000000036e-01,3.859494999999999720e+01,8.327943145544252129e+20
2.853999999999999870e-01,4.062650000000000006e+01,2.383766432383070896e+21
3.254000000000000226e-01,4.131924999999999670e+01,3.582364531183342584e+21
3.346999999999999975e-01,4.114574999999999960e+01,2.744878226141312188e+21
2.907000000000000139e-01,4.070595000000000141e+01,3.158156986345179841e+21
4.404000000000000137e-01,4.182379999999999853e+01,4.481655451453208658e+21
2.411000000000000087e-01,4.049054999999999893e+01,1.999682247716353868e+21
4.606999999999999984e-01,4.215035000000000309e+01,6.288803251576657412e+21
1.194000000000000061e-01,3.873474999999999824e+01,1.000885033108024459e+21
5.450000000000000400e-01,4.274414999999999765e+01,7.379237632971524538e+21
4.113999999999999879e-01,4.200889999999999702e+01,4.589716331385240158e+21
2.687999999999999834e-01,4.074224999999999852e+01,2.879872001149137584e+21
4.975999999999999868e-02,3.675274999999999892e+01,4.341594720838349619e+20
4.117999999999999994e-01,4.198170000000000357e+01,5.525947512748052054e+21
7.369000000000000550e-02,3.763549999999999329e+01,7.552044945142934405e+20
3.187999999999999723e-01,4.148160000000000025e+01,5.957236312105628467e+21
4.198000000000000065e-01,4.156134999999999735e+01,4.454100192519129661e+21
4.208000000000000074e-01,4.189014999999999844e+01,8.015926556379827929e+21
4.391999999999999793e-01,4.186284999999999457e+01,6.458169906663047299e+21
4.803999999999999937e-01,4.208865000000000123e+01,6.412272489713945805e+21
1.998000000000000054e-01,4.006374999999999886e+01,2.009714676442613154e+21
3.018000000000000127e-01,4.121235000000000070e+01,3.598577841568898613e+21
2.902000000000000135e-01,4.084120000000000061e+01,2.921768975847342998e+21
3.091999999999999749e-01,4.098774999999999835e+01,3.317308185408671580e+21
2.955999999999999739e-01,4.112909999999999400e+01,2.959224776323913744e+21
3.386000000000000121e-01,4.128334999999999866e+01,3.567315287609699205e+21
3.781999999999999806e-01,4.161554999999999893e+01,4.368865955451274527e+21
8.959999999999999909e-02,3.812404999999999688e+01,7.038438266986923295e+20
4.506999999999999895e-01,4.205859999999999843e+01,5.730165167857161208e+21
4.603999999999999759e-01,4.220109999999999673e+01,5.819446829496417649e+21
1.205999999999999961e+00,4.513935000000000031e+01,5.138519865951176045e+22
1.330000000000000071e+00,4.500339999999999918e+01,2.076380989158869854e+22
1.540000000000000036e+00,4.530719999999999459e+01,3.434948605212155183e+22
1.550000000000000044e+00,4.540704999999999814e+01,3.167667807407658605e+22
1.699999999999999956e+00,4.545919999999999561e+01,5.041966913110365595e+22
1.800000000000000044e+00,4.560110000000000241e+01,3.587872316986626775e+22
2.259999999999999787e+00,4.627700000000000102e+01,6.638101951824065567e+22
1.913999999999999924e+00,4.556090000000000373e+01,4.753379346005666405e+22
1.300000000000000044e+00,4.492014999999999958e+01,2.474563559105746698e+22
1.340000000000000080e+00,4.486520000000000152e+01,2.176344705952604016e+22
1.020000000000000018e+00,4.428234999999999388e+01,1.686917687438592705e+22
7.349999999999999867e-01,4.310604999999999620e+01,8.004134497566956978e+21
1.120000000000000107e+00,4.446389999999999532e+01,1.820595501192163675e+22
1.229999999999999982e+00,4.468614999999999782e+01,2.388896270820966190e+22
1.229999999999999982e+00,4.489849999999999852e+01,2.337694737563269674e+22
8.539999999999999813e-01,4.371280000000000143e+01,1.699645277100419370e+22
1.370000000000000107e+00,4.491589999999999350e+01,2.239296781076800314e+22
9.751999999999999558e-01,4.410609999999999786e+01,1.302617144377967274e+22
9.699999999999999734e-01,4.451545000000000130e+01,3.016189563065394948e+22
7.399999999999999911e-01,4.324459999999999837e+01,8.045988302185355543e+21
1.389999999999999902e+00,4.476304999999999978e+01,2.584996712147142155e+22
1.304999999999999938e+00,4.466419999999999391e+01,2.872953109567972888e+22
9.350000000000000533e-01,4.366660000000000252e+01,1.279868061865860294e+22
1.014000000000000012e+00,4.425444999999999851e+01,2.339874609297468739e+22
1.314999999999999947e+00,4.494234999999999758e+01,2.773789610399441617e+22
1.092000000000000082e+00,4.403834999999999411e+01,2.425632199526163730e+22
